{
 "cells": [
  {
   "cell_type": "code",
   "execution_count": 1,
   "metadata": {},
   "outputs": [
    {
     "data": {
      "text/plain": [
       "28"
      ]
     },
     "execution_count": 1,
     "metadata": {},
     "output_type": "execute_result"
    }
   ],
   "source": [
    "3 + 5**2\n"
   ]
  },
  {
   "cell_type": "code",
   "execution_count": null,
   "metadata": {
    "collapsed": true
   },
   "outputs": [],
   "source": [
    "#!/usr/bin/env python3\n",
    "#coding: UTF-8\n",
    "\n",
    "import turtle as t\n",
    "import numpy as np\n",
    "\n",
    "\n",
    "def figure_l(n, r):\n",
    "    i = 0\n",
    "    an = 180 * (n - 2) / n\n",
    "    an1 = np.sin(np.pi/n)\n",
    "    a = r * 2 * an1\n",
    "    t.left(180 - (an)/2)\n",
    "    while i < n:\n",
    "        t.forward(a)\n",
    "        t.left(180 - an)\n",
    "        i += 1\n",
    "    t.right(180 - (an)/2)\n",
    "    \n",
    "def figure_r(n, r):\n",
    "    i = 0\n",
    "    an = 180 * (n - 2) / n\n",
    "    an1 = np.sin(np.pi/n)\n",
    "    a = r * 2 * an1\n",
    "    t.left(180 - (an)/2)\n",
    "    while i < n:\n",
    "        t.forward(a)\n",
    "        t.right(180 - an)\n",
    "        i += 1\n",
    "    t.right(180 - (an)/2)\n",
    "\n",
    "            \n",
    "n = 50\n",
    "r = 50\n",
    "j = 0\n",
    "\n",
    "while j < 8:\n",
    "    figure_l(n, r + 10*j)\n",
    "    figure_r(n, r + 10*j)\n",
    "    j += 1\n",
    "\n",
    "\n",
    " \n",
    "input()"
   ]
  },
  {
   "cell_type": "code",
   "execution_count": 1,
   "metadata": {},
   "outputs": [
    {
     "name": "stdout",
     "output_type": "stream",
     "text": [
      "10\n",
      "1\n",
      "4\n",
      "9\n"
     ]
    }
   ],
   "source": [
    "#!/usr/bin/env python3\n",
    "#coding: UTF-8\n",
    "\n",
    "a = int(input())\n",
    "i = 1\n",
    "Cond = i ** 2 > a\n",
    "\n",
    "while Cond != True:\n",
    "    x = i ** 2\n",
    "    i = i + 1\n",
    "    print(x)\n",
    "    if i ** 2 > a:\n",
    "        Cond = True\n",
    "    "
   ]
  },
  {
   "cell_type": "code",
   "execution_count": 2,
   "metadata": {},
   "outputs": [
    {
     "data": {
      "text/plain": [
       "4"
      ]
     },
     "execution_count": 2,
     "metadata": {},
     "output_type": "execute_result"
    }
   ],
   "source": [
    "2 + 2"
   ]
  },
  {
   "cell_type": "code",
   "execution_count": 1,
   "metadata": {},
   "outputs": [
    {
     "name": "stdout",
     "output_type": "stream",
     "text": [
      "Common.ipynb README.md    \u001b[34mTrach\u001b[m\u001b[m        \u001b[34mmods\u001b[m\u001b[m\r\n"
     ]
    }
   ],
   "source": [
    "! ls "
   ]
  },
  {
   "cell_type": "code",
   "execution_count": 2,
   "metadata": {},
   "outputs": [
    {
     "name": "stdout",
     "output_type": "stream",
     "text": [
      "total 40\r\n",
      "drwxr-xr-x  10 kirillivanov  staff   340 12 май 17:05 \u001b[34m.\u001b[m\u001b[m/\r\n",
      "drwx------+ 20 kirillivanov  staff   680 12 май 16:58 \u001b[34m..\u001b[m\u001b[m/\r\n",
      "-rw-r--r--@  1 kirillivanov  staff  6148 12 май 17:00 .DS_Store\r\n",
      "drwxr-xr-x  14 kirillivanov  staff   476 12 май 17:01 \u001b[34m.git\u001b[m\u001b[m/\r\n",
      "-rw-r--r--   1 kirillivanov  staff  1056 12 май 16:57 .gitignore\r\n",
      "drwxr-xr-x   2 kirillivanov  staff    68 12 май 17:05 \u001b[34m.ipynb_checkpoints\u001b[m\u001b[m/\r\n",
      "-rw-r--r--   1 kirillivanov  staff  2922 12 май 16:54 Common.ipynb\r\n",
      "-rw-r--r--   1 kirillivanov  staff    59 12 май 16:57 README.md\r\n",
      "drwxr-xr-x   7 kirillivanov  staff   238 12 май 17:00 \u001b[34mTrach\u001b[m\u001b[m/\r\n",
      "drwxr-xr-x   4 kirillivanov  staff   136 12 май 16:57 \u001b[34mmods\u001b[m\u001b[m/\r\n"
     ]
    }
   ],
   "source": [
    "ls -al"
   ]
  },
  {
   "cell_type": "code",
   "execution_count": 3,
   "metadata": {},
   "outputs": [
    {
     "data": {
      "text/plain": [
       "729"
      ]
     },
     "execution_count": 3,
     "metadata": {},
     "output_type": "execute_result"
    }
   ],
   "source": [
    "9 ** 3\n"
   ]
  },
  {
   "cell_type": "code",
   "execution_count": 4,
   "metadata": {},
   "outputs": [
    {
     "ename": "NameError",
     "evalue": "name 'good' is not defined",
     "output_type": "error",
     "traceback": [
      "\u001b[0;31m---------------------------------------------------------------------------\u001b[0m",
      "\u001b[0;31mNameError\u001b[0m                                 Traceback (most recent call last)",
      "\u001b[0;32m<ipython-input-4-d7f986677d9f>\u001b[0m in \u001b[0;36m<module>\u001b[0;34m()\u001b[0m\n\u001b[0;32m----> 1\u001b[0;31m \u001b[0mgood\u001b[0m\u001b[0;34m\u001b[0m\u001b[0m\n\u001b[0m",
      "\u001b[0;31mNameError\u001b[0m: name 'good' is not defined"
     ]
    }
   ],
   "source": [
    "good"
   ]
  },
  {
   "cell_type": "code",
   "execution_count": 5,
   "metadata": {},
   "outputs": [
    {
     "data": {
      "text/plain": [
       "8"
      ]
     },
     "execution_count": 5,
     "metadata": {},
     "output_type": "execute_result"
    }
   ],
   "source": [
    "good = 5\n",
    "good + 3"
   ]
  },
  {
   "cell_type": "code",
   "execution_count": 3,
   "metadata": {},
   "outputs": [
    {
     "ename": "NameError",
     "evalue": "name 'so' is not defined",
     "output_type": "error",
     "traceback": [
      "\u001b[0;31m---------------------------------------------------------------------------\u001b[0m",
      "\u001b[0;31mNameError\u001b[0m                                 Traceback (most recent call last)",
      "\u001b[0;32m<ipython-input-3-b1c2418effb6>\u001b[0m in \u001b[0;36m<module>\u001b[0;34m()\u001b[0m\n\u001b[0;32m----> 1\u001b[0;31m \u001b[0mso\u001b[0m\u001b[0;34m\u001b[0m\u001b[0m\n\u001b[0m",
      "\u001b[0;31mNameError\u001b[0m: name 'so' is not defined"
     ]
    }
   ],
   "source": [
    "so "
   ]
  },
  {
   "cell_type": "markdown",
   "metadata": {},
   "source": [
    "Можно такие штуки юзать еще\n",
    "$$ \\gamma + x^2 = \\int f(x)dx $$\n",
    "Прикольно"
   ]
  },
  {
   "cell_type": "code",
   "execution_count": 4,
   "metadata": {},
   "outputs": [
    {
     "data": {
      "text/plain": [
       "5"
      ]
     },
     "execution_count": 4,
     "metadata": {},
     "output_type": "execute_result"
    }
   ],
   "source": [
    "3+2"
   ]
  },
  {
   "cell_type": "code",
   "execution_count": 5,
   "metadata": {},
   "outputs": [
    {
     "ename": "NameError",
     "evalue": "name 'good' is not defined",
     "output_type": "error",
     "traceback": [
      "\u001b[0;31m---------------------------------------------------------------------------\u001b[0m",
      "\u001b[0;31mNameError\u001b[0m                                 Traceback (most recent call last)",
      "\u001b[0;32m<ipython-input-5-d7f986677d9f>\u001b[0m in \u001b[0;36m<module>\u001b[0;34m()\u001b[0m\n\u001b[0;32m----> 1\u001b[0;31m \u001b[0mgood\u001b[0m\u001b[0;34m\u001b[0m\u001b[0m\n\u001b[0m",
      "\u001b[0;31mNameError\u001b[0m: name 'good' is not defined"
     ]
    }
   ],
   "source": [
    "good"
   ]
  },
  {
   "cell_type": "code",
   "execution_count": 6,
   "metadata": {},
   "outputs": [
    {
     "ename": "ModuleNotFoundError",
     "evalue": "No module named 'Matplotlib'",
     "output_type": "error",
     "traceback": [
      "\u001b[0;31m---------------------------------------------------------------------------\u001b[0m",
      "\u001b[0;31mModuleNotFoundError\u001b[0m                       Traceback (most recent call last)",
      "\u001b[0;32m<ipython-input-6-d898360b3fee>\u001b[0m in \u001b[0;36m<module>\u001b[0;34m()\u001b[0m\n\u001b[0;32m----> 1\u001b[0;31m \u001b[0;32mimport\u001b[0m \u001b[0mMatplotlib\u001b[0m\u001b[0;34m\u001b[0m\u001b[0m\n\u001b[0m",
      "\u001b[0;31mModuleNotFoundError\u001b[0m: No module named 'Matplotlib'"
     ]
    }
   ],
   "source": [
    "import Matplotlib \n"
   ]
  },
  {
   "cell_type": "code",
   "execution_count": 7,
   "metadata": {},
   "outputs": [
    {
     "ename": "ModuleNotFoundError",
     "evalue": "No module named 'SciPy'",
     "output_type": "error",
     "traceback": [
      "\u001b[0;31m---------------------------------------------------------------------------\u001b[0m",
      "\u001b[0;31mModuleNotFoundError\u001b[0m                       Traceback (most recent call last)",
      "\u001b[0;32m<ipython-input-7-f4d482a23b97>\u001b[0m in \u001b[0;36m<module>\u001b[0;34m()\u001b[0m\n\u001b[0;32m----> 1\u001b[0;31m \u001b[0;32mimport\u001b[0m \u001b[0mSciPy\u001b[0m\u001b[0;34m\u001b[0m\u001b[0m\n\u001b[0m",
      "\u001b[0;31mModuleNotFoundError\u001b[0m: No module named 'SciPy'"
     ]
    }
   ],
   "source": [
    "import SciPy"
   ]
  },
  {
   "cell_type": "code",
   "execution_count": 8,
   "metadata": {},
   "outputs": [
    {
     "ename": "ModuleNotFoundError",
     "evalue": "No module named 'NumPy'",
     "output_type": "error",
     "traceback": [
      "\u001b[0;31m---------------------------------------------------------------------------\u001b[0m",
      "\u001b[0;31mModuleNotFoundError\u001b[0m                       Traceback (most recent call last)",
      "\u001b[0;32m<ipython-input-8-000e64f10c04>\u001b[0m in \u001b[0;36m<module>\u001b[0;34m()\u001b[0m\n\u001b[0;32m----> 1\u001b[0;31m \u001b[0;32mimport\u001b[0m \u001b[0mNumPy\u001b[0m\u001b[0;34m\u001b[0m\u001b[0m\n\u001b[0m",
      "\u001b[0;31mModuleNotFoundError\u001b[0m: No module named 'NumPy'"
     ]
    }
   ],
   "source": [
    "import NumPy"
   ]
  },
  {
   "cell_type": "code",
   "execution_count": 9,
   "metadata": {
    "collapsed": true
   },
   "outputs": [],
   "source": [
    "import numpy"
   ]
  },
  {
   "cell_type": "code",
   "execution_count": 10,
   "metadata": {
    "collapsed": true
   },
   "outputs": [],
   "source": [
    "import scipy"
   ]
  },
  {
   "cell_type": "code",
   "execution_count": 11,
   "metadata": {
    "collapsed": true
   },
   "outputs": [],
   "source": [
    "import matplotlib "
   ]
  },
  {
   "cell_type": "code",
   "execution_count": 12,
   "metadata": {
    "scrolled": false
   },
   "outputs": [
    {
     "ename": "NameError",
     "evalue": "name 'np' is not defined",
     "output_type": "error",
     "traceback": [
      "\u001b[0;31m---------------------------------------------------------------------------\u001b[0m",
      "\u001b[0;31mNameError\u001b[0m                                 Traceback (most recent call last)",
      "\u001b[0;32m<ipython-input-12-7dd7ef389d50>\u001b[0m in \u001b[0;36m<module>\u001b[0;34m()\u001b[0m\n\u001b[0;32m----> 1\u001b[0;31m \u001b[0mX\u001b[0m \u001b[0;34m=\u001b[0m \u001b[0mnp\u001b[0m\u001b[0;34m.\u001b[0m\u001b[0mrandom\u001b[0m\u001b[0;34m.\u001b[0m\u001b[0mnormal\u001b[0m\u001b[0;34m(\u001b[0m\u001b[0mloc\u001b[0m\u001b[0;34m=\u001b[0m\u001b[0;36m1\u001b[0m\u001b[0;34m,\u001b[0m \u001b[0mscale\u001b[0m\u001b[0;34m=\u001b[0m\u001b[0;36m10\u001b[0m\u001b[0;34m,\u001b[0m \u001b[0msize\u001b[0m\u001b[0;34m=\u001b[0m\u001b[0;34m(\u001b[0m\u001b[0;36m15\u001b[0m\u001b[0;34m,\u001b[0m\u001b[0;36m10\u001b[0m\u001b[0;34m)\u001b[0m\u001b[0;34m)\u001b[0m\u001b[0;34m\u001b[0m\u001b[0m\n\u001b[0m\u001b[1;32m      2\u001b[0m \u001b[0mprint\u001b[0m\u001b[0;34m(\u001b[0m\u001b[0mX\u001b[0m\u001b[0;34m)\u001b[0m\u001b[0;34m\u001b[0m\u001b[0m\n",
      "\u001b[0;31mNameError\u001b[0m: name 'np' is not defined"
     ]
    }
   ],
   "source": [
    "X = np.random.normal(loc=1, scale=10, size=(15,10))\n",
    "print(X)"
   ]
  },
  {
   "cell_type": "code",
   "execution_count": 13,
   "metadata": {
    "scrolled": true
   },
   "outputs": [
    {
     "name": "stdout",
     "output_type": "stream",
     "text": [
      "[[  6.87061896   6.14760356   6.49093012  -9.70857605  -7.25334575\n",
      "   -2.88412579   6.35926484 -11.12054136  -0.61726797  -3.5675464 ]\n",
      " [ -5.75783026 -15.42946084   8.68979911   5.60012042  -3.47545652\n",
      "   -4.62770527  -0.71046754   0.7433481    2.96499396  -1.25415698]\n",
      " [ -5.94468503  -7.0915683  -12.07738364  15.65202113   4.30597641\n",
      "   -3.81897517  -6.64232776 -12.43724272   4.02196013  -5.82813513]\n",
      " [  5.5486537    2.18460938   1.8755136   -5.6340603   18.79489571\n",
      "  -11.1525052    0.63980445   1.8547926  -25.65720626   2.6541019 ]\n",
      " [ -0.31911133  -1.29719135   4.3313158   -6.08728727 -12.54630642\n",
      "   19.22480302  -1.6720043   -8.51163875  -6.65933165   6.44544474]\n",
      " [ -2.63930512   5.10012266   7.36509124  -3.22757821   7.79639372\n",
      "   -0.96526417  -5.06247914   8.76148165 -22.0989839   11.63600944]\n",
      " [ -8.13594426  -3.75920792  24.40176783  13.56364255  16.36064591\n",
      "  -13.3551458   10.09250595  16.03868569 -11.59687368  -5.89268772]\n",
      " [ -5.06514366   8.31459387  15.67964485   7.17183462  -9.58813483\n",
      "   12.83559888  -7.09934002  -3.33284747   1.41758623  -4.21570805]\n",
      " [ -0.61244488  -3.95827891 -21.43317226   2.46231328  -0.40586453\n",
      "   -9.14352713   9.60937088  -2.53118518  14.42287018  -1.00341366]\n",
      " [  2.74254686   5.1230121   13.26814475  -8.09057311  21.29353206\n",
      "    7.56574951   6.44452692 -18.87570677  14.52408899   9.15658478]\n",
      " [  9.45349214  -5.52029093 -10.43839847  21.02987255  12.12059387\n",
      "    7.16538013  -4.77225951  16.91580275   3.34265815  -3.80176414]\n",
      " [-17.95851298   8.53973082  -0.84131068 -10.67108599   5.80274554\n",
      "   -1.71121022  -5.82557184   5.70604897   8.41265598 -11.12057149]\n",
      " [  6.65081461 -13.0103619   -1.80523273 -10.98163902   6.98703488\n",
      "    5.2705261    4.34974752   4.08485827   4.52937937   8.79138814]\n",
      " [ -7.23867941 -26.14725075   0.8492867   -2.01799669  -0.64729742\n",
      "   -0.89646942   7.41036722   2.56083385   0.06193814   6.93945347]\n",
      " [ -8.74467257 -10.92673809  -6.46442982  -3.67573188   6.34858564\n",
      "  -15.93838872   3.31133827  -2.23330204   0.33504055   1.08585574]]\n"
     ]
    }
   ],
   "source": [
    "X = numpy.random.normal(loc=1, scale=10, size=(15,10))\n",
    "print(X)"
   ]
  },
  {
   "cell_type": "markdown",
   "metadata": {},
   "source": []
  },
  {
   "cell_type": "code",
   "execution_count": 14,
   "metadata": {},
   "outputs": [
    {
     "ename": "SyntaxError",
     "evalue": "positional argument follows keyword argument (<ipython-input-14-b45ec4db2667>, line 1)",
     "output_type": "error",
     "traceback": [
      "\u001b[0;36m  File \u001b[0;32m\"<ipython-input-14-b45ec4db2667>\"\u001b[0;36m, line \u001b[0;32m1\u001b[0m\n\u001b[0;31m    X = numpy.random.normal(loc=0,5, scale=1, size=(50,1))\u001b[0m\n\u001b[0m                                 ^\u001b[0m\n\u001b[0;31mSyntaxError\u001b[0m\u001b[0;31m:\u001b[0m positional argument follows keyword argument\n"
     ]
    }
   ],
   "source": [
    "X = numpy.random.normal(loc=0,5, scale=1, size=(50,1))"
   ]
  },
  {
   "cell_type": "code",
   "execution_count": 15,
   "metadata": {
    "collapsed": true
   },
   "outputs": [],
   "source": [
    "X = numpy.random.normal(loc=0.5, scale=1, size=(50,1))"
   ]
  },
  {
   "cell_type": "code",
   "execution_count": 17,
   "metadata": {
    "scrolled": true
   },
   "outputs": [
    {
     "name": "stdout",
     "output_type": "stream",
     "text": [
      "[[ 0.25807627]\n",
      " [ 1.52811759]\n",
      " [ 1.12111421]\n",
      " [ 0.50244508]\n",
      " [ 2.65053044]\n",
      " [ 2.37172388]\n",
      " [ 0.50491662]\n",
      " [ 3.27155468]\n",
      " [ 2.60726251]\n",
      " [-0.90410466]\n",
      " [ 2.834987  ]\n",
      " [-0.39029336]\n",
      " [ 0.68792262]\n",
      " [ 1.30426467]\n",
      " [ 0.8821428 ]\n",
      " [ 1.76267346]\n",
      " [ 3.32281861]\n",
      " [ 0.85408896]\n",
      " [-0.28922256]\n",
      " [ 0.96387523]\n",
      " [ 1.51089335]\n",
      " [ 0.06389482]\n",
      " [-0.07889022]\n",
      " [ 2.37694695]\n",
      " [ 1.85389422]\n",
      " [ 1.70140755]\n",
      " [ 1.26597991]\n",
      " [ 1.90718554]\n",
      " [-0.12276179]\n",
      " [ 0.81102602]\n",
      " [ 1.04323483]\n",
      " [ 1.83621662]\n",
      " [-1.59572467]\n",
      " [-0.01011022]\n",
      " [-0.15198721]\n",
      " [-0.64948239]\n",
      " [ 1.17687764]\n",
      " [ 2.90474423]\n",
      " [-0.7150883 ]\n",
      " [-0.05896984]\n",
      " [ 0.02657905]\n",
      " [ 0.63508365]\n",
      " [ 0.92174435]\n",
      " [ 1.9181798 ]\n",
      " [-0.03122287]\n",
      " [ 1.37067901]\n",
      " [ 1.09413079]\n",
      " [ 0.17281306]\n",
      " [ 2.2147849 ]\n",
      " [ 2.87848954]]\n"
     ]
    }
   ],
   "source": [
    "print(X)"
   ]
  },
  {
   "cell_type": "code",
   "execution_count": 18,
   "metadata": {},
   "outputs": [
    {
     "data": {
      "text/plain": [
       "9"
      ]
     },
     "execution_count": 18,
     "metadata": {},
     "output_type": "execute_result"
    }
   ],
   "source": [
    "3 + 6"
   ]
  },
  {
   "cell_type": "code",
   "execution_count": 19,
   "metadata": {},
   "outputs": [
    {
     "ename": "NameError",
     "evalue": "name 'hello' is not defined",
     "output_type": "error",
     "traceback": [
      "\u001b[0;31m---------------------------------------------------------------------------\u001b[0m",
      "\u001b[0;31mNameError\u001b[0m                                 Traceback (most recent call last)",
      "\u001b[0;32m<ipython-input-19-b1946ac92492>\u001b[0m in \u001b[0;36m<module>\u001b[0;34m()\u001b[0m\n\u001b[0;32m----> 1\u001b[0;31m \u001b[0mhello\u001b[0m\u001b[0;34m\u001b[0m\u001b[0m\n\u001b[0m",
      "\u001b[0;31mNameError\u001b[0m: name 'hello' is not defined"
     ]
    }
   ],
   "source": [
    "hello"
   ]
  },
  {
   "cell_type": "code",
   "execution_count": 24,
   "metadata": {},
   "outputs": [
    {
     "ename": "SyntaxError",
     "evalue": "invalid syntax (<ipython-input-24-fb4d687b1b36>, line 1)",
     "output_type": "error",
     "traceback": [
      "\u001b[0;36m  File \u001b[0;32m\"<ipython-input-24-fb4d687b1b36>\"\u001b[0;36m, line \u001b[0;32m1\u001b[0m\n\u001b[0;31m    np help\u001b[0m\n\u001b[0m          ^\u001b[0m\n\u001b[0;31mSyntaxError\u001b[0m\u001b[0;31m:\u001b[0m invalid syntax\n"
     ]
    }
   ],
   "source": [
    "np help\n"
   ]
  },
  {
   "cell_type": "code",
   "execution_count": 21,
   "metadata": {},
   "outputs": [
    {
     "ename": "NameError",
     "evalue": "name 'np' is not defined",
     "output_type": "error",
     "traceback": [
      "\u001b[0;31m---------------------------------------------------------------------------\u001b[0m",
      "\u001b[0;31mNameError\u001b[0m                                 Traceback (most recent call last)",
      "\u001b[0;32m<ipython-input-21-a681902e6572>\u001b[0m in \u001b[0;36m<module>\u001b[0;34m()\u001b[0m\n\u001b[0;32m----> 1\u001b[0;31m \u001b[0mnp\u001b[0m\u001b[0;34m\u001b[0m\u001b[0m\n\u001b[0m",
      "\u001b[0;31mNameError\u001b[0m: name 'np' is not defined"
     ]
    }
   ],
   "source": [
    "np\n"
   ]
  },
  {
   "cell_type": "code",
   "execution_count": 22,
   "metadata": {
    "collapsed": true
   },
   "outputs": [],
   "source": [
    "import numpy as np"
   ]
  },
  {
   "cell_type": "code",
   "execution_count": 25,
   "metadata": {},
   "outputs": [
    {
     "ename": "SyntaxError",
     "evalue": "invalid syntax (<ipython-input-25-212abc315d3d>, line 1)",
     "output_type": "error",
     "traceback": [
      "\u001b[0;36m  File \u001b[0;32m\"<ipython-input-25-212abc315d3d>\"\u001b[0;36m, line \u001b[0;32m1\u001b[0m\n\u001b[0;31m    help np\u001b[0m\n\u001b[0m          ^\u001b[0m\n\u001b[0;31mSyntaxError\u001b[0m\u001b[0;31m:\u001b[0m invalid syntax\n"
     ]
    }
   ],
   "source": [
    "help np"
   ]
  },
  {
   "cell_type": "code",
   "execution_count": 26,
   "metadata": {},
   "outputs": [
    {
     "data": {
      "text/plain": [
       "1.4142135623730951"
      ]
     },
     "execution_count": 26,
     "metadata": {},
     "output_type": "execute_result"
    }
   ],
   "source": [
    "np.sqrt(2)"
   ]
  },
  {
   "cell_type": "code",
   "execution_count": 27,
   "metadata": {},
   "outputs": [
    {
     "ename": "Terminator",
     "evalue": "",
     "output_type": "error",
     "traceback": [
      "\u001b[0;31m---------------------------------------------------------------------------\u001b[0m",
      "\u001b[0;31mTerminator\u001b[0m                                Traceback (most recent call last)",
      "\u001b[0;32m<ipython-input-27-7f23d95f9231>\u001b[0m in \u001b[0;36m<module>\u001b[0;34m()\u001b[0m\n\u001b[1;32m     37\u001b[0m \u001b[0;32mwhile\u001b[0m \u001b[0mj\u001b[0m \u001b[0;34m<\u001b[0m \u001b[0;36m8\u001b[0m\u001b[0;34m:\u001b[0m\u001b[0;34m\u001b[0m\u001b[0m\n\u001b[1;32m     38\u001b[0m     \u001b[0mfigure_l\u001b[0m\u001b[0;34m(\u001b[0m\u001b[0mn\u001b[0m\u001b[0;34m,\u001b[0m \u001b[0mr\u001b[0m \u001b[0;34m+\u001b[0m \u001b[0;36m10\u001b[0m\u001b[0;34m*\u001b[0m\u001b[0mj\u001b[0m\u001b[0;34m)\u001b[0m\u001b[0;34m\u001b[0m\u001b[0m\n\u001b[0;32m---> 39\u001b[0;31m     \u001b[0mfigure_r\u001b[0m\u001b[0;34m(\u001b[0m\u001b[0mn\u001b[0m\u001b[0;34m,\u001b[0m \u001b[0mr\u001b[0m \u001b[0;34m+\u001b[0m \u001b[0;36m10\u001b[0m\u001b[0;34m*\u001b[0m\u001b[0mj\u001b[0m\u001b[0;34m)\u001b[0m\u001b[0;34m\u001b[0m\u001b[0m\n\u001b[0m\u001b[1;32m     40\u001b[0m     \u001b[0mj\u001b[0m \u001b[0;34m+=\u001b[0m \u001b[0;36m1\u001b[0m\u001b[0;34m\u001b[0m\u001b[0m\n\u001b[1;32m     41\u001b[0m \u001b[0;34m\u001b[0m\u001b[0m\n",
      "\u001b[0;32m<ipython-input-27-7f23d95f9231>\u001b[0m in \u001b[0;36mfigure_r\u001b[0;34m(n, r)\u001b[0m\n\u001b[1;32m     26\u001b[0m     \u001b[0;32mwhile\u001b[0m \u001b[0mi\u001b[0m \u001b[0;34m<\u001b[0m \u001b[0mn\u001b[0m\u001b[0;34m:\u001b[0m\u001b[0;34m\u001b[0m\u001b[0m\n\u001b[1;32m     27\u001b[0m         \u001b[0mt\u001b[0m\u001b[0;34m.\u001b[0m\u001b[0mforward\u001b[0m\u001b[0;34m(\u001b[0m\u001b[0ma\u001b[0m\u001b[0;34m)\u001b[0m\u001b[0;34m\u001b[0m\u001b[0m\n\u001b[0;32m---> 28\u001b[0;31m         \u001b[0mt\u001b[0m\u001b[0;34m.\u001b[0m\u001b[0mright\u001b[0m\u001b[0;34m(\u001b[0m\u001b[0;36m180\u001b[0m \u001b[0;34m-\u001b[0m \u001b[0man\u001b[0m\u001b[0;34m)\u001b[0m\u001b[0;34m\u001b[0m\u001b[0m\n\u001b[0m\u001b[1;32m     29\u001b[0m         \u001b[0mi\u001b[0m \u001b[0;34m+=\u001b[0m \u001b[0;36m1\u001b[0m\u001b[0;34m\u001b[0m\u001b[0m\n\u001b[1;32m     30\u001b[0m     \u001b[0mt\u001b[0m\u001b[0;34m.\u001b[0m\u001b[0mright\u001b[0m\u001b[0;34m(\u001b[0m\u001b[0;36m180\u001b[0m \u001b[0;34m-\u001b[0m \u001b[0;34m(\u001b[0m\u001b[0man\u001b[0m\u001b[0;34m)\u001b[0m\u001b[0;34m/\u001b[0m\u001b[0;36m2\u001b[0m\u001b[0;34m)\u001b[0m\u001b[0;34m\u001b[0m\u001b[0m\n",
      "\u001b[0;32m/Library/Frameworks/Python.framework/Versions/3.6/lib/python3.6/turtle.py\u001b[0m in \u001b[0;36mright\u001b[0;34m(angle)\u001b[0m\n",
      "\u001b[0;31mTerminator\u001b[0m: "
     ]
    }
   ],
   "source": [
    "#!/usr/bin/env python3\n",
    "#coding: UTF-8\n",
    "\n",
    "import turtle as t\n",
    "import numpy as np\n",
    "\n",
    "\n",
    "def figure_l(n, r):\n",
    "    i = 0\n",
    "    an = 180 * (n - 2) / n\n",
    "    an1 = np.sin(np.pi/n)\n",
    "    a = r * 2 * an1\n",
    "    t.left(180 - (an)/2)\n",
    "    while i < n:\n",
    "        t.forward(a)\n",
    "        t.left(180 - an)\n",
    "        i += 1\n",
    "    t.right(180 - (an)/2)\n",
    "    \n",
    "def figure_r(n, r):\n",
    "    i = 0\n",
    "    an = 180 * (n - 2) / n\n",
    "    an1 = np.sin(np.pi/n)\n",
    "    a = r * 2 * an1\n",
    "    t.left(180 - (an)/2)\n",
    "    while i < n:\n",
    "        t.forward(a)\n",
    "        t.right(180 - an)\n",
    "        i += 1\n",
    "    t.right(180 - (an)/2)\n",
    "\n",
    "            \n",
    "n = 50\n",
    "r = 50\n",
    "j = 0\n",
    "\n",
    "while j < 8:\n",
    "    figure_l(n, r + 10*j)\n",
    "    figure_r(n, r + 10*j)\n",
    "    j += 1\n",
    "\n",
    "\n",
    " \n",
    "input()"
   ]
  },
  {
   "cell_type": "code",
   "execution_count": 1,
   "metadata": {},
   "outputs": [
    {
     "name": "stdout",
     "output_type": "stream",
     "text": [
      "/Users/kirillivanov/documents/python\r\n"
     ]
    }
   ],
   "source": [
    "!pwd\n"
   ]
  },
  {
   "cell_type": "code",
   "execution_count": 2,
   "metadata": {},
   "outputs": [
    {
     "name": "stdout",
     "output_type": "stream",
     "text": [
      "total 104\r\n",
      "drwxr-xr-x  12 kirillivanov  staff    408 24 май 01:49 \u001b[34m.\u001b[m\u001b[m\r\n",
      "drwx------+ 20 kirillivanov  staff    680 23 май 20:30 \u001b[34m..\u001b[m\u001b[m\r\n",
      "-rw-r--r--@  1 kirillivanov  staff   6148 20 май 01:14 .DS_Store\r\n",
      "drwxr-xr-x  15 kirillivanov  staff    510 22 май 13:32 \u001b[34m.git\u001b[m\u001b[m\r\n",
      "-rw-r--r--   1 kirillivanov  staff   1056 12 май 16:57 .gitignore\r\n",
      "drwxr-xr-x   3 kirillivanov  staff    102 12 май 17:09 \u001b[34m.ipynb_checkpoints\u001b[m\u001b[m\r\n",
      "-rw-r--r--   1 kirillivanov  staff  24859 24 май 01:49 Common.ipynb\r\n",
      "-rw-r--r--   1 kirillivanov  staff     59 12 май 16:57 README.md\r\n",
      "drwxr-xr-x   7 kirillivanov  staff    238 12 май 17:00 \u001b[34mTrach\u001b[m\u001b[m\r\n",
      "-rw-r--r--   1 root          staff    213 18 май 18:06 backup.log\r\n",
      "drwxr-xr-x   5 kirillivanov  staff    170 20 май 01:14 \u001b[34mmods\u001b[m\u001b[m\r\n",
      "-rw-r--r--   1 root          staff   3799 18 май 18:25 testdisk.log\r\n"
     ]
    }
   ],
   "source": [
    "!ls -al"
   ]
  },
  {
   "cell_type": "code",
   "execution_count": 3,
   "metadata": {},
   "outputs": [
    {
     "ename": "NameError",
     "evalue": "name 'np' is not defined",
     "output_type": "error",
     "traceback": [
      "\u001b[0;31m---------------------------------------------------------------------------\u001b[0m",
      "\u001b[0;31mNameError\u001b[0m                                 Traceback (most recent call last)",
      "\u001b[0;32m<ipython-input-3-931db2c7b366>\u001b[0m in \u001b[0;36m<module>\u001b[0;34m()\u001b[0m\n\u001b[0;32m----> 1\u001b[0;31m \u001b[0ma\u001b[0m \u001b[0;34m=\u001b[0m \u001b[0mnp\u001b[0m\u001b[0;34m.\u001b[0m\u001b[0mrandom\u001b[0m\u001b[0;34m.\u001b[0m\u001b[0mrand\u001b[0m\u001b[0;34m(\u001b[0m\u001b[0;36m15\u001b[0m\u001b[0;34m,\u001b[0m \u001b[0;36m15\u001b[0m\u001b[0;34m)\u001b[0m\u001b[0;34m\u001b[0m\u001b[0m\n\u001b[0m",
      "\u001b[0;31mNameError\u001b[0m: name 'np' is not defined"
     ]
    }
   ],
   "source": [
    "a = np.random.rand(15, 15)"
   ]
  },
  {
   "cell_type": "code",
   "execution_count": 4,
   "metadata": {},
   "outputs": [
    {
     "name": "stdout",
     "output_type": "stream",
     "text": [
      "[[ 0.20588109  0.42578887  0.20033072  0.05140616  0.70329234  0.90840139\n",
      "   0.12015511  0.62662837  0.60889476  0.76798147  0.16803828  0.54610862\n",
      "   0.27355907  0.18543862  0.86930337]\n",
      " [ 0.24467105  0.33440221  0.24921763  0.45602594  0.33131735  0.76632236\n",
      "   0.23836828  0.37787838  0.66843601  0.1317956   0.45644548  0.94759111\n",
      "   0.20709083  0.94111806  0.27586417]\n",
      " [ 0.60804011  0.90573455  0.45380287  0.83313607  0.64440936  0.95529303\n",
      "   0.22191909  0.68077061  0.33756282  0.19089922  0.50203198  0.64581891\n",
      "   0.59167225  0.4544122   0.72269473]\n",
      " [ 0.13213019  0.19093959  0.81019051  0.17464657  0.89637218  0.26039623\n",
      "   0.14394504  0.96119013  0.26641004  0.36397562  0.80510033  0.61134225\n",
      "   0.66586754  0.44968883  0.19356298]\n",
      " [ 0.1472137   0.6841652   0.7069152   0.91916769  0.57338905  0.25946051\n",
      "   0.44109148  0.84444191  0.53729335  0.84361644  0.38002992  0.86755579\n",
      "   0.15075639  0.45546389  0.43695937]\n",
      " [ 0.06167217  0.05608879  0.59707641  0.29544391  0.33229611  0.80738705\n",
      "   0.09926396  0.07786745  0.75819743  0.06403917  0.71627677  0.5092363\n",
      "   0.33764541  0.63335059  0.25851454]\n",
      " [ 0.3957226   0.9667367   0.82795156  0.18462033  0.71134573  0.05613151\n",
      "   0.06172313  0.64330245  0.93350232  0.05237974  0.28342905  0.75214111\n",
      "   0.37068533  0.01152984  0.12193123]\n",
      " [ 0.81782521  0.02349418  0.87810968  0.97551358  0.18769959  0.18886264\n",
      "   0.41643777  0.61971183  0.58140401  0.45649489  0.49579659  0.51317079\n",
      "   0.61149266  0.93994364  0.30797791]\n",
      " [ 0.76142099  0.75927063  0.70386297  0.18557145  0.29182157  0.23271319\n",
      "   0.62302457  0.85492716  0.99679428  0.11950677  0.63628956  0.51048514\n",
      "   0.28788608  0.24682749  0.31238373]\n",
      " [ 0.44137919  0.51549452  0.8068773   0.01919933  0.91259683  0.33843729\n",
      "   0.34844932  0.44687741  0.42584443  0.82562999  0.59257985  0.29267445\n",
      "   0.09283526  0.20959411  0.02883462]\n",
      " [ 0.30489606  0.37523851  0.33223379  0.55992272  0.95609815  0.43469793\n",
      "   0.25261067  0.69325853  0.21258252  0.46387041  0.18340495  0.85661308\n",
      "   0.69949011  0.84601378  0.24304983]\n",
      " [ 0.96346343  0.91506699  0.39671506  0.18494989  0.483619    0.50224563\n",
      "   0.82213379  0.07713734  0.09155418  0.2513893   0.53086036  0.35566082\n",
      "   0.64987428  0.98644884  0.62489549]\n",
      " [ 0.98064666  0.79326424  0.75321127  0.79152094  0.18966162  0.73802439\n",
      "   0.1945653   0.8785606   0.07464552  0.95915678  0.6496137   0.2519884\n",
      "   0.54955124  0.50079361  0.56339608]\n",
      " [ 0.01214852  0.02106124  0.36275849  0.88510523  0.75796477  0.83937017\n",
      "   0.05938637  0.90400915  0.16559993  0.66041106  0.90531735  0.62677489\n",
      "   0.78032147  0.12683931  0.78538813]\n",
      " [ 0.56930196  0.32538754  0.95684646  0.98894706  0.14654578  0.60825939\n",
      "   0.95384899  0.18937258  0.71188386  0.36019864  0.86192749  0.66583908\n",
      "   0.77794826  0.72367141  0.26201437]]\n"
     ]
    }
   ],
   "source": [
    "import numpy as np\n",
    "a = np.random.rand(15, 15)\n",
    "print(a)"
   ]
  },
  {
   "cell_type": "code",
   "execution_count": 5,
   "metadata": {},
   "outputs": [
    {
     "name": "stdout",
     "output_type": "stream",
     "text": [
      "1.81 µs ± 19.7 ns per loop (mean ± std. dev. of 7 runs, 1000000 loops each)\n",
      "[[ 3.14014447  3.00906555  4.39503184  3.49211264  2.99239598  3.39431883\n",
      "   2.87864835  3.20091946  3.72407867  2.83505521  3.89169464  3.79914024\n",
      "   2.82805984  3.82082175  2.32293394]\n",
      " [ 2.83421916  2.9254873   3.70160181  3.22304823  3.5404035   3.60985161\n",
      "   2.34038414  3.71948952  3.05327409  2.51726406  3.93021868  3.87466193\n",
      "   3.41796712  3.60882406  2.90543208]\n",
      " [ 3.64490462  3.70501224  5.15255763  4.59958771  4.36712743  4.91983731\n",
      "   2.95189986  4.85543187  4.24181888  3.62451193  4.92522687  5.3575636\n",
      "   4.22314278  5.14906904  3.54904923]\n",
      " [ 3.54730911  3.52897738  4.17665194  4.40122553  3.68896126  3.54703952\n",
      "   2.43639609  4.36373961  2.81000248  3.4289245   3.56512333  4.1230141\n",
      "   3.47387342  4.08601199  3.00989678]\n",
      " [ 3.84987736  4.01102345  5.15865363  4.02168144  4.64437252  3.88599889\n",
      "   3.03863917  4.82064468  3.89076312  3.33954396  4.63831265  4.91153471\n",
      "   3.90700028  4.56627997  3.02079116]\n",
      " [ 2.43075017  2.72138997  3.16095509  2.93671743  3.04838687  3.2079818\n",
      "   1.90526146  3.33669577  2.57998559  2.08805326  3.2825406   3.32176419\n",
      "   2.92267297  2.95082843  2.43417587]\n",
      " [ 3.48259328  3.70590357  3.48980598  3.38885223  2.94068372  3.3875137\n",
      "   2.55826204  3.8329846   3.27053215  2.43960671  3.15165229  3.98600347\n",
      "   2.73193323  3.90583507  2.85763586]\n",
      " [ 3.62401099  3.83130677  4.73505996  3.97416322  4.78819874  4.38603379\n",
      "   2.36146338  5.41157032  3.40993203  3.75258224  4.52370663  4.50851928\n",
      "   4.22224089  3.61705162  3.71271631]\n",
      " [ 3.7587858   3.94568976  4.24054654  3.68343989  3.79793954  3.86933268\n",
      "   2.61341413  4.53802608  4.18131061  2.76366223  3.62780623  4.68800117\n",
      "   3.45056842  4.06462689  3.16927443]\n",
      " [ 2.63004422  3.41206076  3.57916706  3.14075968  3.75240413  3.23087024\n",
      "   2.00279869  3.7801147   3.21384662  2.90059484  2.93872215  3.96252718\n",
      "   2.41291545  3.15847931  2.48733685]\n",
      " [ 3.34750562  3.50712853  4.50334743  4.14385418  3.94175364  3.86246787\n",
      "   2.51240554  4.53819728  3.07214907  3.74094279  4.25844267  4.24994736\n",
      "   3.56188905  3.96112619  3.27338193]\n",
      " [ 2.86872501  3.72989806  4.17112791  4.03990948  4.34391995  4.79878555\n",
      "   2.14681119  4.5886632   3.83490507  3.57603718  4.08966431  4.99548302\n",
      "   3.67053913  3.7016804   3.56937811]\n",
      " [ 3.61426788  3.55132047  5.16146825  4.34127959  5.01112186  5.16584863\n",
      "   2.54884831  5.07952744  4.11543058  4.13434575  4.79846347  5.18753367\n",
      "   4.15215563  4.7725242   3.55370902]\n",
      " [ 3.78271454  3.4107349   5.35349365  4.4774114   4.14706435  3.78308035\n",
      "   2.99794559  4.47874627  3.33891672  3.77015533  4.5548471   4.47088434\n",
      "   4.07253018  4.85089762  2.71121373]\n",
      " [ 4.0268983   4.84416368  5.29479909  4.08297899  5.42848959  4.89413124\n",
      "   2.54185099  5.78951133  4.16266345  3.58984808  4.94068353  5.36131434\n",
      "   4.61467061  4.24052538  3.79714107]]\n"
     ]
    }
   ],
   "source": [
    "%timeit np.dot(a, a)\n",
    "print(np.dot(a, a))"
   ]
  },
  {
   "cell_type": "code",
   "execution_count": 6,
   "metadata": {},
   "outputs": [
    {
     "name": "stdout",
     "output_type": "stream",
     "text": [
      "[[ 3.14014447  3.00906555  4.39503184  3.49211264  2.99239598  3.39431883\n",
      "   2.87864835  3.20091946  3.72407867  2.83505521  3.89169464  3.79914024\n",
      "   2.82805984  3.82082175  2.32293394]\n",
      " [ 2.83421916  2.9254873   3.70160181  3.22304823  3.5404035   3.60985161\n",
      "   2.34038414  3.71948952  3.05327409  2.51726406  3.93021868  3.87466193\n",
      "   3.41796712  3.60882406  2.90543208]\n",
      " [ 3.64490462  3.70501224  5.15255763  4.59958771  4.36712743  4.91983731\n",
      "   2.95189986  4.85543187  4.24181888  3.62451193  4.92522687  5.3575636\n",
      "   4.22314278  5.14906904  3.54904923]\n",
      " [ 3.54730911  3.52897738  4.17665194  4.40122553  3.68896126  3.54703952\n",
      "   2.43639609  4.36373961  2.81000248  3.4289245   3.56512333  4.1230141\n",
      "   3.47387342  4.08601199  3.00989678]\n",
      " [ 3.84987736  4.01102345  5.15865363  4.02168144  4.64437252  3.88599889\n",
      "   3.03863917  4.82064468  3.89076312  3.33954396  4.63831265  4.91153471\n",
      "   3.90700028  4.56627997  3.02079116]\n",
      " [ 2.43075017  2.72138997  3.16095509  2.93671743  3.04838687  3.2079818\n",
      "   1.90526146  3.33669577  2.57998559  2.08805326  3.2825406   3.32176419\n",
      "   2.92267297  2.95082843  2.43417587]\n",
      " [ 3.48259328  3.70590357  3.48980598  3.38885223  2.94068372  3.3875137\n",
      "   2.55826204  3.8329846   3.27053215  2.43960671  3.15165229  3.98600347\n",
      "   2.73193323  3.90583507  2.85763586]\n",
      " [ 3.62401099  3.83130677  4.73505996  3.97416322  4.78819874  4.38603379\n",
      "   2.36146338  5.41157032  3.40993203  3.75258224  4.52370663  4.50851928\n",
      "   4.22224089  3.61705162  3.71271631]\n",
      " [ 3.7587858   3.94568976  4.24054654  3.68343989  3.79793954  3.86933268\n",
      "   2.61341413  4.53802608  4.18131061  2.76366223  3.62780623  4.68800117\n",
      "   3.45056842  4.06462689  3.16927443]\n",
      " [ 2.63004422  3.41206076  3.57916706  3.14075968  3.75240413  3.23087024\n",
      "   2.00279869  3.7801147   3.21384662  2.90059484  2.93872215  3.96252718\n",
      "   2.41291545  3.15847931  2.48733685]\n",
      " [ 3.34750562  3.50712853  4.50334743  4.14385418  3.94175364  3.86246787\n",
      "   2.51240554  4.53819728  3.07214907  3.74094279  4.25844267  4.24994736\n",
      "   3.56188905  3.96112619  3.27338193]\n",
      " [ 2.86872501  3.72989806  4.17112791  4.03990948  4.34391995  4.79878555\n",
      "   2.14681119  4.5886632   3.83490507  3.57603718  4.08966431  4.99548302\n",
      "   3.67053913  3.7016804   3.56937811]\n",
      " [ 3.61426788  3.55132047  5.16146825  4.34127959  5.01112186  5.16584863\n",
      "   2.54884831  5.07952744  4.11543058  4.13434575  4.79846347  5.18753367\n",
      "   4.15215563  4.7725242   3.55370902]\n",
      " [ 3.78271454  3.4107349   5.35349365  4.4774114   4.14706435  3.78308035\n",
      "   2.99794559  4.47874627  3.33891672  3.77015533  4.5548471   4.47088434\n",
      "   4.07253018  4.85089762  2.71121373]\n",
      " [ 4.0268983   4.84416368  5.29479909  4.08297899  5.42848959  4.89413124\n",
      "   2.54185099  5.78951133  4.16266345  3.58984808  4.94068353  5.36131434\n",
      "   4.61467061  4.24052538  3.79714107]]\n"
     ]
    }
   ],
   "source": [
    "print(np.dot(a, a))"
   ]
  },
  {
   "cell_type": "code",
   "execution_count": 7,
   "metadata": {},
   "outputs": [
    {
     "name": "stdout",
     "output_type": "stream",
     "text": [
      "[[ 3.04418155  3.95459066  3.63161028  3.3522777   3.35584976  2.78433489\n",
      "   3.58594742  2.31680194  3.06937156  3.16715651  3.33344701  3.72223887\n",
      "   4.13667493  3.85779563  3.96411145]\n",
      " [ 2.38914435  3.79432673  3.99548151  3.16816439  2.81929107  3.53709666\n",
      "   3.16479887  2.64705153  3.06537341  3.6686529   3.9513494   3.27265519\n",
      "   3.74973126  3.86591821  3.65615924]\n",
      " [ 3.41064011  5.26822911  4.62959781  4.73277786  3.72220322  4.79514577\n",
      "   4.62859887  3.56012594  3.7475394   4.38902542  4.66490604  4.98953731\n",
      "   5.23644993  5.15624295  5.02551724]\n",
      " [ 2.72967478  3.50025335  4.01695886  3.45229882  3.61333761  3.24413203\n",
      "   3.59825105  3.18099765  3.0389922   4.03270553  3.65706943  3.36509121\n",
      "   4.08990283  4.07294694  3.88491219]\n",
      " [ 3.03771274  4.77013446  4.70643482  4.25348748  3.80638681  3.96000018\n",
      "   4.29508788  3.03559354  3.61795885  4.28145564  4.395822    4.30775536\n",
      "   4.87273068  5.65203911  4.36289648]\n",
      " [ 1.92633344  2.74941553  3.21636651  2.84740132  2.07530988  3.00360519\n",
      "   2.55902884  2.58132955  2.55582672  3.05720505  3.02058744  2.85660669\n",
      "   3.2393804   2.93007535  3.01472688]\n",
      " [ 2.20110182  3.31806636  3.82288212  3.6575551   2.53911993  3.03647334\n",
      "   3.58583275  2.71253391  2.47775211  3.41358391  3.42943123  3.02484674\n",
      "   4.13143549  4.4887048   3.56314658]\n",
      " [ 2.78862067  4.13204384  4.93761485  4.42886103  3.18169463  4.32665836\n",
      "   3.67070653  3.37567301  3.60311207  4.11264974  4.83211388  4.24250838\n",
      "   4.54365101  4.76968098  4.40232485]\n",
      " [ 2.83555881  4.60041446  4.21609862  3.81539418  3.08578973  3.73557597\n",
      "   4.17524709  3.46947316  2.70880838  4.13627633  4.46478075  4.194695\n",
      "   4.47517871  4.57561562  4.55717171]\n",
      " [ 2.61788902  3.45245106  3.12906372  3.3191482   3.24017017  2.75270986\n",
      "   3.65005393  2.4338843   2.53915842  3.62449092  2.97545251  3.584202\n",
      "   3.66436939  3.8602999   3.43078115]\n",
